# This puzzle is solvable
17
 65 121  64 119   7   5  73  78 127   8 130 128  17  13  11  12  21
167  67 207 208   4 170 216  72 176  77  10 180  14 131  74  76  84
 63 122   6   1  69 173  68 242  71 172 136 215  79  19  15 134 132
 70  61   2 171   3 209 213 175 281 243  75  80 137 135  16  20 133
118 116 125 124 114 211 219 212 205 177 179 214  82 129  23 181 220
 66 169 168 206 164 123 244 264 178 126   9 174 218 143  24 269  85
165 115  62 240 239 241 210 238 263 251 270 280 255  81 268 182  22
 60  59 163  57 262 155 233 266 217   0 245 254  87 249 183 247 138
161  56 198  58 162 253 117 261 265 279 267 277 282 283  26  18  86
204 120  55  54 158 166 272 197 288 284 250 271 140 142  28  95  83
113 111 234 237 200 227 221 202 139 191 246 222 188 192 187  25 225
159 201 157 236 203 110 259 274 145  46 257  97 224  29  27  90 147
112 235 156 258 256  44 199 275 285 185 152 278 228 223  34 186 189
160  51 105  42  99 232 103 196  39  40  31 144  30  88  93 146  92
 48 109  41 104 153 102  52 154 276 141 184  89 195 149 190 273  36
 53 108 287 101 231 260 286 229 100 226 230 248  32  38  98  96  35
 49  47 107 106  50 193 194 252  43 151  45 150  91  94  37  33 148
