# This puzzle is unsolvable
100
    2     1     3     4     5     6     7     8     9    10    11    12    13    14    15    16    17    18    19    20    21    22    23    24    25    26    27    28    29    30    31    32    33    34    35    36    37    38    39    40    41    42    43    44    45    46    47    48    49    50    51    52    53    54   837   838   841    60    59    57   844    61    62    63    66    68   463    67    69   466   464    72    73    75    76   470    77    78    79    80    81    82    83    84    85    86   483    87    89   484    91    92    93    94    95    96    97    98    99   100
  396   397   398   399   400   401   402   403   404   405   406   407   408   409   410   411   412   413   414   415   416   417   418   419   420   421   422   423   424   425   426   427   428   429   430   431   432   433   434   435   436   437   438   439   440   441   442   443   444   445   446   447   448   449    55   454   839   452   456   457    58   842   458    64    65   461   849    70   850   853    71   467   854    74   469   471   472   473   474   475   476   477   478   479   480   868    88  1619   871    90   873   487   488   489   490   491   492   493   494   101
  395   784   785   786   787   788   789   790   791   792   793   794   795   796   797   798   799   800   801   802   803   804   805   806   807   808   809   810   811   812   813   814   815   816   817   818   819   820   821   822   823   824   825   826   827   828   829   830   831   832   833   834   835   836  1216   450   451    56   453   843   845   846  1224   847   459   460  1600  1228   462   851   465  1233   468  1235  1970   857  1238  1239   861   862   863   864   865   866   867   482   481   870   872   486   485   874   875   876   877   878   879   880   495   102
  394   783  1164  1165  1166  1167  1168  1169  1170  1171  1172  1173  1174  1175  1176  1177  1178  1179  1180  1181  1182  1183  1184  1185  1186  1187  1188  1189  1190  1191  1192  1193  1194  1195  1196  1197  1198  1199  1200  1201  1202  1203  1204  1205  1206  1207  1208  1209  1210  1211  1212  1213  1214  1215  1217  1588  1218   840  1220   455  1222  1223  1595  1225  1226   848  1599  1963  1229   852  1601  1232   856  1607   858   860   859  1973  1611  1240  1243  1613  1244  1245  1246  1247   869  1251  1621  1986  1252  1253  1254  1255  1256  1257  1258   881   496   103
  393   782  1163  1536  1537  1538  1539  1540  1541  1542  1543  1544  1545  1546  1547  1548  1549  1550  1551  1552  1553  1554  1555  1556  1557  1558  1559  1560  1561  1562  1563  1564  1565  1566  1567  1568  1569  1570  1571  1572  1573  1574  1575  1576  1577  1578  1579  1580  1581  1582  1583  1584  1585  1586  1950  1587  1590  1591  1219  1221  1593  1594  1596  1959  1597  1227  1961  1230  1965  1231  1967  1603   855  1234  1236  1237  1609  1610  1241  1612  1976  1242  1614  1978  1617  1618  1249  1620  1984  1248  1622  1624  1625  1626  1627  1628  1259   882   497   104
  392   781  1162  1535  1900  1901  1902  1903  1904  1905  1906  1907  1908  1909  1910  1911  1912  1913  1914  1915  1916  1917  1918  1919  1920  1921  1922  1923  1924  1925  1926  1927  1928  1929  1930  1931  1932  1933  1934  1935  1936  1937  1938  1939  1940  1941  1942  1943  1944  1945  1946  1947  1948  1949  1951  2306  1589  1952  1592  1955  1956  1957  1958  1960  2315  2316  1598  2318  1602  1966  1604  1968  1606  1605  1969  2674  1608  2673  1971  1974  2331  1977  1616  1615  1979  1980  2686  2685  1250  2341  2340  1987  1988  1989  1990  1629  1260   883   498   105
  391   780  1161  1534  1899  2256  2257  2258  2259  2260  2261  2262  2263  2264  2265  2266  2267  2268  2269  2270  2271  2272  2273  2274  2275  2276  2277  2278  2279  2280  2281  2282  2283  2284  2285  2286  2287  2288  2289  2290  2291  2292  2293  2294  2295  2296  2297  2298  2299  2300  2301  2302  2303  2304  2653  2307  1953  2308  1954  2659  2657  2312  2661  2313  2663  1962  2664  2317  1964  2320  2321  2669  2322  2324  2326  3013  2328  1975  1972  2676  2330  2332  2333  2334  2336  1982  2337  1983  2338  2687  1623  2342  2343  2344  1991  1630  1261   884   499   106
  390   779  1160  1533  1898  2255  2604  2605  2606  2607  2608  2609  2610  2611  2612  2613  2614  2615  2616  2617  2618  2619  2620  2621  2622  2623  2624  2625  2626  2627  2628  2629  2630  2631  2632  2633  2634  2635  2636  2637  2638  2639  2640  2641  2642  2643  2644  2645  2646  2647  2648  2649  2650  2651  2305  2652  2654  2655  2309  2310  2311  2658  3000  2662  2314  3002  3003  2665  2319  2666  2667  2668  2323  2671  2672  3011  3014  2327  3015  2329  2678  2679  3350  2680  2335  2683  3023  2339  1985  3026  2688  2689  2690  2345  1992  1631  1262   885   500   107
  389   778  1159  1532  1897  2254  2603  2944  2945  2946  2947  2948  2949  2950  2951  2952  2953  2954  2955  2956  2957  2958  2959  2960  2961  2962  2963  2964  2965  2966  2967  2968  2969  2970  2971  2972  2973  2974  2975  2976  2977  2978  2979  2980  2981  2982  2983  2984  2985  2986  2987  2988  2989  2990  2991  2992  3325  2994  2656  2660  2997  3330  3329  3331  2999  3001  3333  3335  3005  3007  3338  3008  2670  3010  3666  3344  3668  3016  3984  3345  3348  3017  2681  3020  2682  3022  2684  3024  1981  3357  3027  3028  2691  2346  1993  1632  1263   886   501   108
  388   777  1158  1531  1896  2253  2602  2943  3276  3277  3278  3279  3280  3281  3282  3283  3284  3285  3286  3287  3288  3289  3290  3291  3292  3293  3294  3295  3296  3297  3298  3299  3300  3301  3302  3303  3304  3305  3306  3307  3308  3309  3310  3311  3312  3313  3314  3315  3316  3317  3318  3319  3320  3321  3322  3323  3647  2995  3324  3327  2996  3651  3653  3654  3332  3334  3004  3657  3006  3336  3337  3339  3009  3665  2325  2675  3012  3346  2677  3671  3019  3018  3674  3351  3021  3353  3354  3355  3025  3356  3358  3029  2692  2347  1995  1994  1264   887   502   109
  387   776  1157  1530  1895  2252  2601  2942  3275  3600  3601  3602  3603  3604  3605  3606  3607  3608  3609  3610  3611  3612  3613  3614  3615  3616  3617  3618  3619  3620  3621  3622  3623  3624  3625  3626  3627  3628  3629  3630  3631  3632  3633  3634  3635  3636  3637  3638  3639  3640  3641  3642  3643  3644  3645  3646  3964  2993  3328  3326  3652  2998  3968  3969  3970  3655  3656  3658  3659  3660  3661  3978  3662  3981  3342  3980  4290  3667  3985  3347  3670  3349  3672  3675  3352  3991  3677  3678  3679  3680  3359  3030  2693  2348  1996  1633  1634   888   503   110
  386   775  1156  1529  1894  2251  2600  2941  3274  3599  3916  3917  3918  3919  3920  3921  3922  3923  3924  3925  3926  3927  3928  3929  3930  3931  3932  3933  3934  3935  3936  3937  3938  3939  3940  3941  3942  3943  3944  3945  3946  3947  3948  3949  3950  3951  3952  3953  3954  3955  3956  3957  3958  3959  3960  3961  3962  3649  4271  3965  4274  4275  3967  3966  4277  3971  3972  3973  3974  4581  3975  4582  3340  3341  3343  3979  4288  3983  4291  3669  3987  4294  3673  3989  3676  3990  3992  3993  3994  3681  3360  3031  2694  2349  1997  1635  1265  1266   504   111
  385   774  1155  1528  1893  2250  2599  2940  3273  3598  3915  4224  4225  4226  4227  4228  4229  4230  4231  4232  4233  4234  4235  4236  4237  4238  4239  4240  4241  4242  4243  4244  4245  4246  4247  4248  4249  4250  4251  4252  4253  4254  4255  4256  4257  4258  4259  4260  4261  4262  4263  4264  4265  4266  4267  4268  4269  3648  4272  3650  4572  4573  4574  4276  4278  4279  4869  5153  4280  3976  4283  3977  3663  4286  3664  4287  3982  4289  4292  4592  3986  3988  4295  4296  4298  4596  4299  4300  3995  3682  3361  3032  2695  2350  1267  1268   889   505   506   112
  384   773  1154  1527  1892  2249  2598  2939  3272  3597  3914  4223  4524  4525  4526  4527  4528  4529  4530  4531  4532  4533  4534  4535  4536  4537  4538  4539  4540  4541  4542  4543  4544  4545  4546  4547  4548  4549  4550  4551  4552  4553  4554  4555  4556  4557  4558  4559  4560  4561  4562  4563  4564  4565  4566  4567  4270  3963  4861  4273  4571  4864  4575  4576  4577  4578  4579  4871  4282  4281  4874  4584  4875  4285  4586  4588  4877  4589  4880  4293  4591  4593  4594  4595  4297  4598  3996  4301  3997  3683  3362  3033  2696  1998  1637  1636  1999   890   507   113
  383   772  1153  1526  1891  2248  2597  2938  3271  3596  3913  4222  4523  4816  4817  4818  4819  4820  4821  4822  4823  4824  4825  4826  4827  4828  4829  4830  4831  4832  4833  4834  4835  4836  4837  4838  4839  4840  4841  4842  4843  4844  4845  4846  4847  4848  4849  4850  4851  4852  4853  4854  4855  4857  5140  4858  4568  4569  4862  5144  4863  4865  5148  5149  4866  4868  4870  4580  5154  4872  5157  4284  5158  4585  4876  4587  5162  4881  4590  5165  4883  4884  4885  4886  4887  4597  4600  4599  3998  3684  3034  2697  2352  2351  2000   891  1638   892   114   115
  382   771  1152  1525  1890  2247  2596  2937  3270  3595  3912  4221  4522  4815  5100  5101  5102  5103  5104  5105  5106  5107  5108  5109  5110  5111  5112  5113  5114  5115  5116  5117  5118  5119  5120  5121  5122  5123  5124  5125  5126  5127  5128  5129  5130  5131  5132  5133  5134  5135  5136  5137  5139  5414  4856  5142  4859  4860  4570  5143  5146  5147  5424  5691  5150  4867  5428  5152  5155  4873  4583  5432  5959  5159  5436  4879  4878  5163  4882  5164  5166  5167  5168  5169  5170  4888  4303  4304  4302  3685  3363  3035  2698  2353  1639  1270   508   510   893   116
  381   770  1151  1524  1889  2246  2595  2936  3269  3594  3911  4220  4521  4814  5099  5376  5377  5378  5379  5380  5381  5382  5383  5384  5385  5386  5387  5388  5389  5390  5391  5392  5393  5394  5395  5396  5397  5398  5399  5400  5401  5402  5403  5404  5405  5406  5407  5408  5409  5410  5411  5412  5138  5680  5415  5141  5417  5418  5419  5145  5421  5422  5423  5689  5951  5151  5694  5696  5427  5431  5156  5433  5434  5702  5960  5160  5437  5438  5439  5440  5441  5442  5443  5444  5171  4889  4601  4305  3999  3365  3364  3037  2699  2354  2001  1640  1269  1271   117   511
  380   769  1150  1523  1888  2245  2594  2935  3268  3593  3910  4219  4520  4813  5098  5375  5644  5645  5646  5647  5648  5649  5650  5651  5652  5653  5654  5655  5656  5657  5658  5659  5660  5661  5662  5663  5664  5665  5666  5667  5668  5669  5670  5671  5672  5673  5674  5675  5676  5677  5678  5679  5413  5681  5682  5416  5684  5685  5686  5420  5947  5688  5690  5425  5693  5952  5692  5695  5426  5698  5957  5699  5700  5435  5703  5161  5704  5705  5706  5967  5707  5709  5710  5172  4891  4890  4602  4307  3687  3686  3036  3366  2700  2355  2002  1641   897   896   895   509
  379   768  1149  1522  1887  2244  2593  2934  3267  3592  3909  4218  4519  4812  5097  5374  5643  5904  5905  5906  5907  5908  5909  5910  5911  5912  5913  5914  5915  5916  5917  5918  5919  5920  5921  5922  5923  5924  5925  5926  5927  5928  5929  5930  5931  5932  5933  6186  5934  5936  6188  5939  5940  5941  5942  5683  5943  5944  5945  5687  5946  5948  5949  5950  6205  5954  5697  6203  5955  5956  5430  6208  5958  5701  5961  5962  5963  5964  5965  5708  5968  5711  5446  5445  5173  4892  4603  4000  4306  3688  3367  3038  2701  2356  2003  1273   894  1272   120   118
  378   767  1148  1521  1886  2243  2592  2933  3266  3591  3908  4217  4518  4811  5096  5373  5642  5903  6156  6157  6158  6159  6160  6161  6162  6163  6164  6165  6166  6167  6168  6169  6170  6171  6172  6173  6174  6175  6176  6177  6178  6179  6180  6181  6182  6183  6185  5935  6429  6187  5938  5937  6189  6191  6192  6193  6194  6195  6196  6197  6198  6199  6444  6200  6680  6202  6446  6206  5429  6450  6207  6210  6211  6212  6455  6213  6214  6215  6216  5966  6217  5969  5712  5447  5174  4893  4604  4002  4001  3689  3368  3039  2702  2357  2004  1642  1643  1274   512   119
  377   766  1147  1520  1885  2242  2591  2932  3265  3590  3907  4216  4517  4810  5095  5372  5641  5902  6155  6400  6401  6402  6403  6404  6405  6406  6407  6408  6409  6410  6411  6412  6413  6414  6415  6416  6417  6418  6419  6420  6421  6422  6423  6424  6425  6426  6184  6428  6430  6666  6665  6432  6190  6434  6435  6436  6437  6438  6439  6441  6442  6443  6678  5953  6445  6448  6447  6204  6684  6685  6451  6209  6453  6454  6456  6457  6458  6459  6460  6219  6218  5970  5713  5448  5175  4894  4605  4308  4003  3690  3369  3040  2703  2358  2005  1644  1276   898   121   513
  376   765  1146  1519  1884  2241  2590  2931  3264  3589  3906  4215  4516  4809  5094  5371  5640  5901  6154  6399  6636  6637  6638  6639  6640  6641  6642  6643  6644  6645  6646  6647  6648  6649  6650  6651  6652  6653  6654  6655  6656  6657  6658  6659  6660  6661  6427  6663  6664  6431  6667  6668  6433  6669  6670  6671  6672  6673  6674  6440  6676  6677  6905  6679  6201  7128  6681  6909  6683  7342  6687  6452  6688  6689  6690  6691  6692  6693  6694  6461  6220  5971  5714  5449  5176  4895  4606  4309  4004  3691  3370  3041  2704  2359  2006  1645   899   514  1275   122
  375   764  1145  1518  1883  2240  2589  2930  3263  3588  3905  4214  4515  4808  5093  5370  5639  5900  6153  6398  6635  6864  6865  6866  6867  6868  6869  6870  6871  6872  6873  6874  6875  6876  6877  6878  6879  6880  6881  6882  6883  6884  6885  6886  6887  6888  6662  6890  6891  6892  6893  6894  6895  6896  6897  6898  6899  6900  6902  6675  6903  6904  7125  6906  7127  6449  7129  6682  6912  6913  6914  7132  6915  6916  6917  6918  6919  6920  6695  6462  6221  5972  5715  5450  5177  4896  4607  4310  4005  3692  3371  3042  2705  2360  2007  1646  1278  1277   900   515
  374   763  1144  1517  1882  2239  2588  2929  3262  3587  3904  4213  4514  4807  5092  5369  5638  5899  6152  6397  6634  6863  7084  7085  7086  7087  7088  7089  7090  7091  7092  7093  7094  7095  7096  7097  7098  7099  7100  7101  7102  7103  7104  7105  7106  7107  6889  7108  7110  7111  7112  7113  7114  7115  7116  7117  7118  7119  6901  7121  7123  7122  6907  7336  6908  7337  7339  7130  6911  7343  6686  7133  7134  7135  7136  7137  7138  6921  6696  6463  6222  5973  5716  5451  5178  4897  4608  4311  4006  3693  3372  3043  2706  2361  2008  1647   902   517   516   123
  373   762  1143  1516  1881  2238  2587  2928  3261  3586  3903  4212  4513  4806  5091  5368  5637  5898  6151  6396  6633  6862  7083  7296  7297  7298  7299  7300  7301  7302  7303  7304  7305  7306  7307  7308  7309  7310  7311  7312  7313  7314  7315  7316  7317  7318  7320  7109  7321  7322  7323  7324  7528  7325  7326  7328  7329  7330  7120  7331  7333  7334  7124  7126  7538  7735  7541  6910  7341  7340  7131  7546  7344  7346  7347  7348  7139  6922  6697  6464  6223  5974  5717  5452  5179  4898  4609  4312  4007  3694  3373  3044  2707  2362  2009  1648  1279   518   903   124
  372   761  1142  1515  1880  2237  2586  2927  3260  3585  3902  4211  4512  4805  5090  5367  5636  5897  6150  6395  6632  6861  7082  7295  7500  7501  7502  7503  7504  7505  7506  7507  7508  7509  7510  7511  7512  7513  7514  7515  7516  7517  7518  7519  7520  7521  7319  7523  7524  7525  7526  7527  7723  7529  7327  7530  7532  7533  7534  7332  7536  7540  7537  7335  7737  7338  7736  7542  7543  7545  7741  7547  7345  7549  7550  7349  7140  6923  6698  6465  6224  5975  5718  5453  5180  4899  4610  4313  4008  3695  3374  3045  2708  2363  2010  1649  1280   901   126   519
  371   760  1141  1514  1879  2236  2585  2926  3259  3584  3901  4210  4511  4804  5089  5366  5635  5896  6149  6394  6631  6860  7081  7294  7499  7696  7697  7698  7699  7700  7701  7702  7703  7704  7705  7706  7707  7708  7709  7710  7711  7712  7713  7714  7715  7716  7522  7718  7719  7720  7721  7909  7722  7724  7725  7531  7726  7729  7730  7917  7535  7732  7733  7734  7539  8101  7924  7738  7544  7740  7742  7743  7548  7744  7551  7350  7141  6924  6699  6466  6225  5976  5719  5454  5181  4900  4611  4314  4009  3696  3375  3046  2709  2364  2011  1650  1281   904   520   125
  370   759  1140  1513  1878  2235  2584  2925  3258  3583  3900  4209  4510  4803  5088  5365  5634  5895  6148  6393  6630  6859  7080  7293  7498  7695  7884  7885  7886  7887  7888  7889  7890  7891  7892  7893  7894  7895  7896  7897  7898  7899  7900  7901  7902  7903  7717  7904  7905  7906  7908  8088  7910  7911  7912  7913  7728  7727  7914  7915  7731  7918  7920  7921  7922  7923  7925  8275  7739  7926  8107  7929  7930  7745  7552  7351  7142  6925  6700  6467  6226  5977  5720  5455  5182  4901  4612  4315  4010  3697  3376  3047  2710  2365  2012  1651  1282   905   521   127
  369   758  1139  1512  1877  2234  2583  2924  3257  3582  3899  4208  4509  4802  5087  5364  5633  5894  6147  6392  6629  6858  7079  7292  7497  7694  7883  8064  8065  8066  8067  8068  8069  8070  8071  8072  8073  8074  8075  8076  8077  8078  8079  8080  8081  8082  8083  8084  8085  7907  8086  8087  8089  8090  8091  8092  8093  8094  7916  8095  8096  7919  8099  8100  8272  8274  8102  8104  8105  7928  8278  8108  7931  7746  7553  7352  7143  6926  6701  6468  6227  5978  5721  5456  5183  4902  4613  4316  4011  3698  3377  3048  2711  2366  2013  1652  1283   906   522   128
  368   757  1138  1511  1876  2233  2582  2923  3256  3581  3898  4207  4508  4801  5086  5363  5632  5893  6146  6391  6628  6857  7078  7291  7496  7693  7882  8063  8236  8237  8238  8239  8240  8241  8242  8243  8244  8245  8246  8247  8248  8249  8250  8251  8252  8253  8254  8255  8256  8257  8258  8259  8260  8261  8262  8263  8264  8265  8266  8267  8097  8098  8270  8434  8271  8273  8103  8276  8277  7927  8279  8109  7932  7747  7554  7353  7144  6927  6702  6469  6228  5979  5722  5457  5184  4903  4614  4317  4012  3699  3378  3049  2712  2367  2014  1653  1284   907   129   130
  367   756  1137  1510  1875  2232  2581  2922  3255  3580  3897  4206  4507  4800  5085  5362  5631  5892  6145  6390  6627  6856  7077  7290  7495  7692  7881  8062  8235  8400  8401  8402  8403  8404  8405  8406  8407  8408  8409  8410  8411  8412  8413  8414  8415  8416  8417  8418  8419  8420  8421  8422  8423  8424  8425  8426  8427  8428  8429  8430  8268  8431  8269  8433  8435  8591  8437  8438  8439  8106  8440  8110  7933  7748  7555  7354  7145  6928  6703  6470  6229  5980  5723  5458  5185  4904  4615  4318  4013  3700  3379  3050  2713  2368  2015  1654  1285   908   523   131
  366   755  1136  1509  1874  2231  2580  2921  3254  3579  3896  4205  4506  4799  5084  5361  5630  5891  6144  6389  6626  6855  7076  7289  7494  7691  7880  8061  8234  8399  8556  8557  8558  8559  8560  8561  8562  8563  8564  8565  8566  8567  8568  8569  8570  8571  8572  8573  8574  8575  8576  8577  8578  8579  8580  8581  8582  8583  8584  8585  8733  8432  8588  8589  8590  8592  8436  8593  8594  8441  8280  8111  7934  7749  7556  7355  7146  6929  6704  6471  6230  5981  5724  5459  5186  4905  4616  4319  4014  3701  3380  3051  2714  2369  2016  1655  1286   909   525   524
  365   754  1135  1508  1873  2230  2579  2920  3253  3578  3895  4204  4505  4798  5083  5360  5629  5890  6143  6388  6625  6854  7075  7288  7493  7690  7879  8060  8233  8398  8555  8704  8705  8706  8707  8708  8709  8710  8711  8712  8713  8714  8715  8716  8717  8718  8719  8720  8721  8722  8723  8724  8726  8865  8727  8999  8728  8730  8731  8732  8873  8586  8735  8736  8737  8738  8739  8740  8595  8442  8281  8112  7935  7750  7557  7356  7147  6930  6705  6472  6231  5982  5725  5460  5187  4906  4617  4320  4015  3702  3381  3052  2715  2370  2017  1656  1287   911   910   132
  364   753  1134  1507  1872  2229  2578  2919  3252  3577  3894  4203  4504  4797  5082  5359  5628  5889  6142  6387  6624  6853  7074  7287  7492  7689  7878  8059  8232  8397  8554  8703  8844  8845  8846  8847  8848  8849  8850  8851  8852  8853  8854  8855  8856  8857  8858  8859  8860  8861  8862  8864  8725  8996  8866  8998  8729  8868  8870  8871  8734  8587  8874  8875  8876  8877  8878  8741  8596  8443  8282  8113  7936  7751  7558  7357  7148  6931  6706  6473  6232  5983  5726  5461  5188  4907  4618  4321  4016  3703  3382  3053  2716  2371  2018  1657  1288   912   526   133
  363   752  1133  1506  1871  2228  2577  2918  3251  3576  3893  4202  4503  4796  5081  5358  5627  5888  6141  6386  6623  6852  7073  7286  7491  7688  7877  8058  8231  8396  8553  8702  8843  8976  8977  8978  8979  8980  8981  8982  8983  8984  8985  8986  8987  8988  8989  8990  8991  8992  8993  8863  8995  9342  8867  9119  9123  8869  9002  9003  8872  9004  9005  9006  9007  9008  8879  8742  8597  8444  8283  8114  7937  7752  7559  7358  7149  6932  6707  6474  6233  5984  5727  5462  5189  4908  4619  4322  4017  3704  3383  3054  2717  2372  2020  2019  1658   913   135   527
  362   751  1132  1505  1870  2227  2576  2917  3250  3575  3892  4201  4502  4795  5080  5357  5626  5887  6140  6385  6622  6851  7072  7285  7490  7687  7876  8057  8230  8395  8552  8701  8842  8975  9100  9101  9102  9103  9104  9105  9106  9107  9108  9109  9110  9111  9112  9113  9114  9115  9116  8994  9117  9233  9234  8997  9000  9124  9001  9240  9126  9127  9128  9129  9130  9009  8880  8743  8598  8445  8284  8115  7938  7753  7560  7359  7150  6933  6708  6475  6234  5985  5728  5463  5190  4909  4620  4323  4018  3705  3384  3055  2718  2373  2021  1659  1289  1291   528   134
  361   750  1131  1504  1869  2226  2575  2916  3249  3574  3891  4200  4501  4794  5079  5356  5625  5886  6139  6384  6621  6850  7071  7284  7489  7686  7875  8056  8229  8394  8551  8700  8841  8974  9099  9216  9217  9218  9219  9220  9221  9222  9223  9224  9225  9226  9227  9228  9229  9230  9231  9232  9118  9236  9439  9120  9121  9238  9125  9239  9241  9242  9243  9244  9131  9010  8881  8744  8599  8446  8285  8116  7939  7754  7561  7360  7151  6934  6709  6476  6235  5986  5729  5464  5191  4910  4621  4324  4019  3706  3385  3056  2719  2375  2374  1660   915   529  1290   136
  360   749  1130  1503  1868  2225  2574  2915  3248  3573  3890  4199  4500  4793  5078  5355  5624  5885  6138  6383  6620  6849  7070  7283  7488  7685  7874  8055  8228  8393  8550  8699  8840  8973  9098  9215  9324  9325  9326  9327  9328  9329  9330  9331  9332  9333  9334  9335  9336  9337  9338  9339  9340  9235  9344  9237  9122  9345  9346  9347  9348  9349  9350  9245  9132  9011  8882  8745  8600  8447  8286  8117  7940  7755  7562  7361  7152  6935  6710  6477  6236  5987  5730  5465  5192  4911  4622  4325  4020  3707  3386  3057  2720  2376  2022  1292  1661   530   914   138
  359   748  1129  1502  1867  2224  2573  2914  3247  3572  3889  4198  4499  4792  5077  5354  5623  5884  6137  6382  6619  6848  7069  7282  7487  7684  7873  8054  8227  8392  8549  8698  8839  8972  9097  9214  9323  9424  9425  9426  9427  9428  9429  9430  9431  9432  9433  9434  9435  9436  9528  9437  9438  9341  9442  9343  9533  9444  9445  9446  9447  9448  9351  9246  9133  9012  8883  8746  8601  8448  8287  8118  7941  7756  7563  7362  7153  6936  6711  6478  6237  5988  5731  5466  5193  4912  4623  4326  4021  3708  3387  3058  2722  2721  2023  2024   137  1293   531   139
  358   747  1128  1501  1866  2223  2572  2913  3246  3571  3888  4197  4498  4791  5076  5353  5622  5883  6136  6381  6618  6847  7068  7281  7486  7683  7872  8053  8226  8391  8548  8697  8838  8971  9096  9213  9322  9423  9516  9517  9518  9519  9520  9521  9522  9523  9524  9525  9526  9527  9529  9530  9440  9532  9441  9534  9443  9535  9536  9537  9538  9449  9352  9247  9134  9013  8884  8747  8602  8449  8288  8119  7942  7757  7564  7363  7154  6937  6712  6479  6238  5989  5732  5467  5194  4913  4624  4327  4022  3709  3388  3059  2723  2377  1663  1662  1294   916   533   532
  357   746  1127  1500  1865  2222  2571  2912  3245  3570  3887  4196  4497  4790  5075  5352  5621  5882  6135  6380  6617  6846  7067  7280  7485  7682  7871  8052  8225  8390  8547  8696  8837  8970  9095  9212  9321  9422  9515  9600  9601  9602  9603  9604  9605  9606  9607  9608  9610  9611  9688  9612  9613  9531  9615  9616  9617  9618  9619  9620  9539  9450  9353  9248  9135  9014  8885  8748  8603  8450  8289  8120  7943  7758  7565  7364  7155  6938  6713  6480  6239  5990  5733  5468  5195  4914  4625  4328  4023  3710  3389  3060  2378  2379  2025  1664   918   917   140   141
  356   745  1126  1499  1864  2221  2570  2911  3244  3569  3886  4195  4496  4789  5074  5351  5620  5881  6134  6379  6616  6845  7066  7279  7484  7681  7870  8051  8224  8389  8546  8695  8836  8969  9094  9211  9320  9421  9514  9599  9676  9677  9678  9679  9680  9681  9682  9684  9609  9811  9685  9686  9689  9614  9690  9691  9692  9693  9694  9621  9540  9451  9354  9249  9136  9015  8886  8749  8604  8451  8290  8121  7944  7759  7566  7365  7156  6939  6714  6481  6240  5991  5734  5469  5196  4915  4626  4329  4024  3712  3711  2725  3062  3061  2724  1665  1295  1296   919   534
  355   744  1125  1498  1863  2220  2569  2910  3243  3568  3885  4194  4495  4788  5073  5350  5619  5880  6133  6378  6615  6844  7065  7278  7483  7680  7869  8050  8223  8388  8545  8694  8835  8968  9093  9210  9319  9420  9513  9598  9675  9744  9745  9746  9748  9749  9808  9683  9810  9752  9754  9687  9755  9756  9757  9758  9759  9760  9695  9622  9541  9452  9355  9250  9137  9016  8887  8750  8605  8452  8291  8122  7945  7760  7567  7366  7157  6940  6715  6482  6241  5992  5735  5470  5197  4916  4627  4330  4025  3390  3392  3391  2380  2027  2026  1666  1297   920   535   142
  354   743  1124  1497  1862  2219  2568  2909  3242  3567  3884  4193  4494  4787  5072  5349  5618  5879  6132  6377  6614  6843  7064  7277  7482  7679  7868  8049  8222  8387  8544  8693  8834  8967  9092  9209  9318  9419  9512  9597  9674  9743  9805  9857  9747  9807  9809  9751  9750  9862  9753  9813  9814  9815  9816  9817  9818  9761  9696  9623  9542  9453  9356  9251  9138  9017  8888  8751  8606  8453  8292  8123  7946  7761  7568  7367  7158  6941  6716  6483  6242  5993  5736  5471  5198  4917  4332  4628  4026  3713  3393  3063  2726  2381  2028  1667  1298   921   536   143
  353   742  1123  1496  1861  2218  2567  2908  3241  3566  3883  4192  4493  4786  5071  5348  5617  5878  6131  6376  6613  6842  7063  7276  7481  7678  7867  8048  8221  8386  8543  8692  8833  8966  9091  9208  9317  9418  9511  9596  9673  9742  9804  9806  9803  9858  9859  9860  9861  9905  9812  9864  9865  9866  9867  9868  9819  9762  9697  9624  9543  9454  9357  9252  9139  9018  8889  8752  8607  8454  8293  8124  7947  7762  7569  7368  7159  6942  6717  6484  6243  5994  5737  5472  5199  4629  4331  4334  4028  4027  3714  3064  2727  2382  2029  1668  1299   922   537   144
  352   741  1122  1495  1860  2217  2566  2907  3240  3565  3882  4191  4492  4785  5070  5347  5616  5877  6130  6375  6612  6841  7062  7275  7480  7677  7866  8047  8220  8385  8542  8691  8832  8965  9090  9207  9316  9417  9510  9595  9672  9741  9802  9856  9855  9900  9901  9903  9904  9906  9863  9907  9908  9909  9910  9869  9820  9763  9698  9625  9544  9455  9358  9253  9140  9019  8890  8753  8608  8455  8294  8125  7948  7763  7570  7369  7160  6943  6718  6485  6244  5995  5738  5473  5200  4918  4632  4335  4630  3715  3394  3065  2728  2383  2030  1669  1300   923   538   145
  351   740  1121  1494  1859  2216  2565  2906  3239  3564  3881  4190  4491  4784  5069  5346  5615  5876  6129  6374  6611  6840  7061  7274  7479  7676  7865  8046  8219  8384  8541  8690  8831  8964  9089  9206  9315  9416  9509  9594  9671  9740  9801  9854  9899  9936  9902  9937  9938  9940  9941  9942  9943  9944  9911  9870  9821  9764  9699  9626  9545  9456  9359  9254  9141  9020  8891  8754  8609  8456  8295  8126  7949  7764  7571  7370  7161  6944  6719  6486  6245  5996  5739  5474  5201  4919  4631  4333  4029  3716  3395  3066  2729  2384  2031  1670  1301   924   539   146
  350   739  1120  1493  1858  2215  2564  2905  3238  3563  3880  4189  4490  4783  5068  5345  5614  5875  6128  6373  6610  6839  7060  7273  7478  7675  7864  8045  8218  8383  8540  8689  8830  8963  9088  9205  9314  9415  9508  9593  9670  9739  9800  9853  9898  9935  9964  9965  9939  9966  9967  9968  9971  9945  9912  9871  9822  9765  9700  9627  9546  9457  9360  9255  9142  9021  8892  8755  8610  8457  8296  8127  7950  7765  7572  7371  7162  6945  6720  6487  6246  5997  5740  5476  5475  4920  4921  4030  4031  3717  3396  3067  2730  2385  2032  1671  1302   925   540   147
  349   738  1119  1492  1857  2214  2563  2904  3237  3562  3879  4188  4489  4782  5067  5344  5613  5874  6127  6372  6609  6838  7059  7272  7477  7674  7863  8044  8217  8382  8539  8688  8829  8962  9087  9204  9313  9414  9507  9592  9669  9738  9799  9852  9897  9934  9963  9984  9985  9986  9987  9970  9969  9946  9913  9872  9823  9766  9701  9628  9547  9458  9361  9256  9143  9022  8893  8756  8611  8458  8297  8128  7951  7766  7573  7372  7163  6946  6721  6488  6247  5998  5741  5477  5202  4922  4923  4337  4336  3718  3397  3068  2731  2386  2033  1672  1303   926   541   148
  348   737  1118  1491  1856  2213  2562  2903  3236  3561  3878  4187  4488  4781  5066  5343  5612  5873  6126  6371  6608  6837  7058  7271  7476  7673  7862  8043  8216  8381  8538  8687  8828  8961  9086  9203  9312  9413  9506  9591  9668  9737  9798  9851  9896  9933  9962  9983  9996  9997  9998  9988  9972  9947  9914  9873  9824  9767  9702  9629  9548  9459  9362  9257  9144  9023  8894  8757  8612  8459  8298  8129  7952  7767  7574  7373  7164  6947  6722  6489  6248  5999  5742  5204  4924  4637  5203  4633  4032  3719  3398  3069  2732  2387  2034  1673  1304   927   542   149
  347   736  1117  1490  1855  2212  2561  2902  3235  3560  3877  4186  4487  4780  5065  5342  5611  5872  6125  6370  6607  6836  7057  7270  7475  7672  7861  8042  8215  8380  8537  8686  8827  8960  9085  9202  9311  9412  9505  9590  9667  9736  9797  9850  9895  9932  9961  9982  9995  9999  9990  9989  9973  9948  9915  9874  9825  9768  9703  9630  9549  9460  9363  9258  9145  9024  8895  8758  8613  8460  8299  8130  7953  7768  7575  7374  7165  6948  6723  6490  6249  6000  5744  5743  5205  4925  4635  4338  4033  3720  3399  3070  2733  2388  2035  1674  1305   928   543   150
  346   735  1116  1489  1854  2211  2560  2901  3234  3559  3876  4185  4486  4779  5064  5341  5610  5871  6124  6369  6606  6835  7056  7269  7474  7671  7860  8041  8214  8379  8536  8685  8826  8959  9084  9201  9310  9411  9504  9589  9666  9735  9796  9849  9894  9931  9960  9981  9994  9993  9992  9991  9974  9949  9916  9875  9826  9769  9704  9631  9550  9461  9364  9259  9146  9025  8896  8759  8614  8461  8300  8131  7954  7769  7576  7375  7166  6949  6724  6491  6250  6002  6001  5480  4636  5478  5206  4634  4034  3401  3721  3071  2734  2389  2036  1675  1306   929   544   151
  345   734  1115  1488  1853  2210  2559  2900  3233  3558  3875  4184  4485  4778  5063  5340  5609  5870  6123  6368  6605  6834  7055  7268  7473  7670  7859  8040  8213  8378  8535  8684  8825  8958  9083  9200  9309  9410  9503  9588  9665  9734  9795  9848  9893  9930  9959  9980  9979  9978  9977  9976  9975  9950  9917  9876  9827  9770  9705  9632  9551  9462  9365  9260  9147  9026  8897  8760  8615  8462  8301  8132  7955  7770  7580  7577  7167  6950  6725  6492  6003  6252  5745  5479  5208  4638  4927  4339  3722  3400  3723  3072  2735  2390  2037  1676  1307   930   545   152
  344   733  1114  1487  1852  2209  2558  2899  3232  3557  3874  4183  4484  4777  5062  5339  5608  5869  6122  6367  6604  6833  7054  7267  7472  7669  7858  8039  8212  8377  8534  8683  8824  8957  9082  9199  9308  9409  9502  9587  9664  9733  9794  9847  9892  9929  9958  9957  9956  9955  9954  9953  9952  9951  9918  9877  9828  9771  9706  9633  9552  9463  9366  9261  9148  9027  8898  8761  8616  8463  8302  8134  8133  7957  7956  7376  7578  7168  6952  6495  6254  5207  6004  5481  5209  4926  4036  4340  4035  4037  3074  3402  3073  2736  2038  1677  1308   931   546   153
  343   732  1113  1486  1851  2208  2557  2898  3231  3556  3873  4182  4483  4776  5061  5338  5607  5868  6121  6366  6603  6832  7053  7266  7471  7668  7857  8038  8211  8376  8533  8682  8823  8956  9081  9198  9307  9408  9501  9586  9663  9732  9793  9846  9891  9928  9927  9926  9925  9924  9923  9922  9921  9920  9919  9878  9829  9772  9707  9634  9553  9464  9367  9262  9149  9028  8899  8762  8618  8617  8464  8135  8303  7958  7581  7379  7377  6953  6954  6256  6726  6493  5482     0  5483  4928  4639  4342  4341  3725  3724  2737  3404  2391  2039  1678  1309   932   547   154
  342   731  1112  1485  1850  2207  2556  2897  3230  3555  3872  4181  4482  4775  5060  5337  5606  5867  6120  6365  6602  6831  7052  7265  7470  7667  7856  8037  8210  8375  8532  8681  8822  8955  9080  9197  9306  9407  9500  9585  9662  9731  9792  9845  9890  9889  9888  9887  9886  9885  9884  9883  9882  9881  9880  9879  9830  9773  9708  9635  9554  9465  9368  9263  9150  9029  8900  8763  8619  8465  7772  8304  7169  7771  7172  6728  7579  6253  6251  6255  6727  5746  5749  5210  5484  4641  4640  4039  4038  4343  3403  2738  2392  2393  2040  1679  1310   933   548   155
  341   730  1111  1484  1849  2206  2555  2896  3229  3554  3871  4180  4481  4774  5059  5336  5605  5866  6119  6364  6601  6830  7051  7264  7469  7666  7855  8036  8209  8374  8531  8680  8821  8954  9079  9196  9305  9406  9499  9584  9661  9730  9791  9844  9843  9842  9841  9840  9839  9838  9837  9836  9835  9834  9833  9832  9831  9774  9709  9636  9555  9466  9369  9264  9151  9030  8901  8765  8764  8466  8305  8136  7959  7773  6730  7582  7381  6951  7378  6500  5747  5748  6729  6258  5211  4929  4931  4040  3727  3726  3405  3075  2739  2394  2041  1680  1311   934   549   156
  340   729  1110  1483  1848  2205  2554  2895  3228  3553  3870  4179  4480  4773  5058  5335  5604  5865  6118  6363  6600  6829  7050  7263  7468  7665  7854  8035  8208  8373  8530  8679  8820  8953  9078  9195  9304  9405  9498  9583  9660  9729  9790  9789  9788  9787  9786  9785  9784  9783  9782  9781  9780  9779  9778  9777  9776  9775  9710  9637  9556  9467  9370  9265  9031  9153  8902  8621  8766  8467  8306  8137  7960  7583  7382  7774  7776  6496  7174  6005  6257  5750  6008  5212  4932  4642  4930  4344  4347  3406  3077  3076  2740  2395  2042  1681  1312   935   550   157
  339   728  1109  1482  1847  2204  2553  2894  3227  3552  3869  4178  4479  4772  5057  5334  5603  5864  6117  6362  6599  6828  7049  7262  7467  7664  7853  8034  8207  8372  8529  8678  8819  8952  9077  9194  9303  9404  9497  9582  9659  9728  9727  9726  9725  9724  9723  9722  9721  9720  9719  9718  9717  9716  9715  9714  9713  9712  9711  9638  9557  9468  9371  9266  9152  9033  9032  8903  8620  8468  8307  8138  7961  7775  7173  7170  6494  7171  6497  6498  5753  5751  6007  6006  5486  5213  4643  4345  4346  3728  3407  3078  2741  2396  2043  1682  1313   936   551   158
  338   727  1108  1481  1846  2203  2552  2893  3226  3551  3868  4177  4478  4771  5056  5333  5602  5863  6116  6361  6598  6827  7048  7261  7466  7663  7852  8033  8206  8371  8528  8677  8818  8951  9076  9193  9302  9403  9496  9581  9658  9657  9656  9655  9654  9653  9652  9651  9650  9649  9648  9647  9646  9645  9644  9643  9642  9641  9640  9639  9558  9469  9372  9267  9154  8904  8905  8767  8622  8469  8308  8139  7962  7778  7385  6957  7384  6956  7380  6960  6499  5752  5754  5485  5214  4933  4645  4644  4041  3729  3408  3079  2742  2397  2044  1683  1314   937   552   159
  337   726  1107  1480  1845  2202  2551  2892  3225  3550  3867  4176  4477  4770  5055  5332  5601  5862  6115  6360  6597  6826  7047  7260  7465  7662  7851  8032  8205  8370  8527  8676  8817  8950  9075  9192  9301  9402  9495  9580  9579  9578  9577  9576  9575  9574  9573  9572  9571  9570  9569  9568  9567  9566  9565  9564  9563  9562  9561  9560  9559  9470  9373  9268  9155  9035  9034  8768  8623  8470  8309  8142  7777  7963  7386  7584  6955  6959  6732  6502  6733  7175  6009  6012  5215  4646  5491  4044  4042  3730  3409  3080  2743  2398  2045  1684  1315   938   553   160
  336   725  1106  1479  1844  2201  2550  2891  3224  3549  3866  4175  4476  4769  5054  5331  5600  5861  6114  6359  6596  6825  7046  7259  7464  7661  7850  8031  8204  8369  8526  8675  8816  8949  9074  9191  9300  9401  9494  9493  9492  9491  9490  9489  9488  9487  9486  9485  9484  9483  9482  9481  9480  9479  9478  9477  9476  9475  9474  9473  9472  9471  9374  9269  9156  8906  8769  8624  8771  8471  8310  8140  8312  8141  7387  7964  7585  6958  6734  6011  6260  5487  5216  5489  4647  4349  3733  4043  4348  3410  3411  3081  2744  2399  2046  1685  1316   939   554   161
  335   724  1105  1478  1843  2200  2549  2890  3223  3548  3865  4174  4475  4768  5053  5330  5599  5860  6113  6358  6595  6824  7045  7258  7463  7660  7849  8030  8203  8368  8525  8674  8815  8948  9073  9190  9299  9400  9399  9398  9397  9396  9395  9394  9393  9392  9391  9390  9389  9388  9387  9386  9385  9384  9383  9382  9381  9380  9379  9378  9377  9376  9375  9270  9157  9036  8907  8770  8311  7965  8143  7780  7782  7779  7587  7589  7177  6735  6731  5757  5755  6501  5217  5490  4934  5488  4935  4350  4046  3732  3731  3412  3082  2745  2047  1686  1317   940   555   162
  334   723  1104  1477  1842  2199  2548  2889  3222  3547  3864  4173  4474  4767  5052  5329  5598  5859  6112  6357  6594  6823  7044  7257  7462  7659  7848  8029  8202  8367  8524  8673  8814  8947  9072  9189  9298  9297  9296  9295  9294  9293  9292  9291  9290  9289  9288  9287  9286  9285  9284  9283  9282  9281  9280  9279  9278  9277  9276  9275  9274  9273  9272  9271  9158  9037  8908  8626  8625  8472  8473  7967  8144  7966  7586  6737  6961  7383  7176  6504  6262  6259  5756  5219  4939  4936  4648  4045  4048  3734  3083  3084  2746  2400  2048  1687  1318   941   556   163
  333   722  1103  1476  1841  2198  2547  2888  3221  3546  3863  4172  4473  4766  5051  5328  5597  5858  6111  6356  6593  6822  7043  7256  7461  7658  7847  8028  8201  8366  8523  8672  8813  8946  9071  9188  9187  9186  9185  9184  9183  9182  9181  9180  9179  9178  9177  9176  9175  9174  9173  9172  9171  9170  9169  9168  9167  9166  9165  9164  9163  9162  9161  9160  9159  9038  8909  8772  8627  8474  8313  8145  7588  7781  7388  6962  7180  7179  6503  6261  6013  6010  6014  5218  4938  4941  4937  4649  4352  4351  4047  2747  2748  2401  2402  1688  1319   942   557   164
  332   721  1102  1475  1840  2197  2546  2887  3220  3545  3862  4171  4472  4765  5050  5327  5596  5857  6110  6355  6592  6821  7042  7255  7460  7657  7846  8027  8200  8365  8522  8671  8812  8945  9070  9069  9068  9067  9066  9065  9064  9063  9062  9061  9060  9059  9058  9057  9056  9055  9054  9053  9052  9051  9050  9049  9048  9047  9046  9045  9044  9043  9042  9041  9040  9039  8910  8773  8628  8475  8314  7784  7591  7178  7590  7783  6964  7182  6505  6736  6263  5758  5492  5493  5494  4940  4650  4049  4353  3413  3736  2749  2403  2050  2049  1689  1320   943   558   165
  331   720  1101  1474  1839  2196  2545  2886  3219  3544  3861  4170  4471  4764  5049  5326  5595  5856  6109  6354  6591  6820  7041  7254  7459  7656  7845  8026  8199  8364  8521  8670  8811  8944  8943  8942  8941  8940  8939  8938  8937  8936  8935  8934  8933  8932  8931  8930  8929  8928  8927  8926  8925  8924  8923  8922  8921  8920  8919  8918  8917  8916  8915  8914  8913  8912  8911  8774  8629  8476  8315  8146  7968  7969  7390  6963  7389  6739  6738  6265  6266  6264  5759  5220  5222  4942  4651  4355  4354  3737  3415  3085  3086  2404  2051  1690  1321   944   559   166
  330   719  1100  1473  1838  2195  2544  2885  3218  3543  3860  4169  4470  4763  5048  5325  5594  5855  6108  6353  6590  6819  7040  7253  7458  7655  7844  8025  8198  8363  8520  8669  8810  8809  8808  8807  8806  8805  8804  8803  8802  8801  8800  8799  8798  8797  8796  8795  8794  8793  8792  8791  8790  8789  8788  8787  8786  8785  8784  8783  8782  8781  8780  8779  8778  8777  8776  8775  8630  8477  8316  8147  7970  7785  7592  7391  6965  7181  6740  6506  6508  6015  6016  5760  5495  5221  4356  3414  3417  3735  4652  3416  2750  2405  2052  1691  1322   945   560   167
  329   718  1099  1472  1837  2194  2543  2884  3217  3542  3859  4168  4469  4762  5047  5324  5593  5854  6107  6352  6589  6818  7039  7252  7457  7654  7843  8024  8197  8362  8519  8668  8667  8666  8665  8664  8663  8662  8661  8660  8659  8658  8657  8656  8655  8654  8653  8652  8651  8650  8649  8648  8647  8646  8645  8644  8643  8642  8641  8640  8639  8638  8637  8636  8635  8634  8633  8632  8631  8478  8317  7971  8149  7786  7593  7392  7183  6966  6509  6507  6018  6017  5761  5496  5223  4943  4653  4050  4357  3088  4051  3738  2751  2406  2053  1692  1323   946   561   168
  328   717  1098  1471  1836  2193  2542  2883  3216  3541  3858  4167  4468  4761  5046  5323  5592  5853  6106  6351  6588  6817  7038  7251  7456  7653  7842  8023  8196  8361  8518  8517  8516  8515  8514  8513  8512  8511  8510  8509  8508  8507  8506  8505  8504  8503  8502  8501  8500  8499  8498  8497  8496  8495  8494  8493  8492  8491  8490  8489  8488  8487  8486  8485  8484  8483  8482  8481  8480  8479  8318  8148  7972  7788  7787  7594  7185  6967  6741  6267  6268  6019  5762  4654  5225  4944  4655  4358  3739  3418  2752  3087  2407  2054  2055  1693  1324   947   562   169
  327   716  1097  1470  1835  2192  2541  2882  3215  3540  3857  4166  4467  4760  5045  5322  5591  5852  6105  6350  6587  6816  7037  7250  7455  7652  7841  8022  8195  8360  8359  8358  8357  8356  8355  8354  8353  8352  8351  8350  8349  8348  8347  8346  8345  8344  8343  8342  8341  8340  8339  8338  8337  8336  8335  8334  8333  8332  8331  8330  8329  8328  8327  8326  8325  8324  8323  8322  8321  8320  8319  8150  7973  7595  7596  7395  7394  7184  6742  6510  5764  6020  5498  5763  5224  4656  4053  4052  3740  3741  3090  3089  2753  2409  1694  1696  1325   948   563   170
  326   715  1096  1469  1834  2191  2540  2881  3214  3539  3856  4165  4466  4759  5044  5321  5590  5851  6104  6349  6586  6815  7036  7249  7454  7651  7840  8021  8194  8193  8192  8191  8190  8189  8188  8187  8186  8185  8184  8183  8182  8181  8180  8179  8178  8177  8176  8175  8174  8173  8172  8171  8170  8169  8168  8167  8166  8165  8164  8163  8162  8161  8160  8159  8158  8157  8156  8155  8154  8153  8152  8151  7974  7789  6511  7187  6743  7393  6746  6269  6270  6271  5497  5499  5226  4945  3743  4360  4054  3742  3419  3091  2754  2056  2408  1327  1326   949   564   171
  325   714  1095  1468  1833  2190  2539  2880  3213  3538  3855  4164  4465  4758  5043  5320  5589  5850  6103  6348  6585  6814  7035  7248  7453  7650  7839  8020  8019  8018  8017  8016  8015  8014  8013  8012  8011  8010  8009  8008  8007  8006  8005  8004  8003  8002  8001  8000  7999  7998  7997  7996  7995  7994  7993  7992  7991  7990  7989  7988  7987  7986  7985  7984  7983  7982  7981  7980  7979  7978  7977  7976  7975  7790  7597  7186  6971  6968  6969  6513  6021  6512  6745  6022  5500  5227  4947  4057  4657  3423  3420  3421  2756  2755  2411  1695  1328   950   173   565
  324   713  1094  1467  1832  2189  2538  2879  3212  3537  3854  4163  4464  4757  5042  5319  5588  5849  6102  6347  6584  6813  7034  7247  7452  7649  7838  7837  7836  7835  7834  7833  7832  7831  7830  7829  7828  7827  7826  7825  7824  7823  7822  7821  7820  7819  7818  7817  7816  7815  7814  7813  7812  7811  7810  7809  7808  7807  7806  7805  7804  7803  7802  7801  7800  7799  7798  7797  7796  7795  7794  7793  7792  7791  7598  7396  7188  6970  6514  5766  6744  5765  6023  5501  5228  4362  4946  4359  4055  3744  3422  3092  2757  2058  1329  2059  1697   951   566   172
  323   712  1093  1466  1831  2188  2537  2878  3211  3536  3853  4162  4463  4756  5041  5318  5587  5848  6101  6346  6583  6812  7033  7246  7451  7648  7647  7646  7645  7644  7643  7642  7641  7640  7639  7638  7637  7636  7635  7634  7633  7632  7631  7630  7629  7628  7627  7626  7625  7624  7623  7622  7621  7620  7619  7618  7617  7616  7615  7614  7613  7612  7611  7610  7609  7608  7607  7606  7605  7604  7603  7602  7601  7600  7398  7397  6972  6974  6747  6272  6024  5767  6273  5502  4948  4659  4361  4658  4056  3745  3094  3093  2412  2410  2060  2057   952   953   175   174
  322   711  1092  1465  1830  2187  2536  2877  3210  3535  3852  4161  4462  4755  5040  5317  5586  5847  6100  6345  6582  6811  7032  7245  7450  7449  7448  7447  7446  7445  7444  7443  7442  7441  7440  7439  7438  7437  7436  7435  7434  7433  7432  7431  7430  7429  7428  7427  7426  7425  7424  7423  7422  7421  7420  7419  7418  7417  7416  7415  7414  7413  7412  7411  7410  7409  7408  7407  7406  7405  7404  7403  7402  7401  7599  7189  7190  6749  6748  6973  6515  6276  6026  6025  5229  5230  4949  4363  4058  3746  3424  3095  2758  2061  1698  1699  1332   567   954   568
  321   710  1091  1464  1829  2186  2535  2876  3209  3534  3851  4160  4461  4754  5039  5316  5585  5846  6099  6344  6581  6810  7031  7244  7243  7242  7241  7240  7239  7238  7237  7236  7235  7234  7233  7232  7231  7230  7229  7228  7227  7226  7225  7224  7223  7222  7221  7220  7219  7218  7217  7216  7215  7214  7213  7212  7211  7210  7209  7208  7207  7206  7205  7204  7203  7202  7201  7200  7199  7198  7197  7196  7195  7194  7400  7399  7193  6975  6750  6517  6516  5768  5503  5505  5231  4950  4660  4364  4059  3425  3426  3096  2761  2413  1700  1330  1333  1331   569   176
  320   709  1090  1463  1828  2185  2534  2875  3208  3533  3850  4159  4460  4753  5038  5315  5584  5845  6098  6343  6580  6809  7030  7029  7028  7027  7026  7025  7024  7023  7022  7021  7020  7019  7018  7017  7016  7015  7014  7013  7012  7011  7010  7009  7008  7007  7006  7005  7004  7003  7002  7001  7000  6999  6998  6997  6996  6995  6994  6993  6992  6991  6990  6989  6988  6987  6986  6985  6984  6983  6982  6981  6980  6978  6977  7191  6753  6976  6751  6277  6518  5769  5504  6274  5506  4951  4661  4662  4060  3748  3747  3097  2416  2759  2760  2062  1702   955   177   178
  319   708  1089  1462  1827  2184  2533  2874  3207  3532  3849  4158  4459  4752  5037  5314  5583  5844  6097  6342  6579  6808  6807  6806  6805  6804  6803  6802  6801  6800  6799  6798  6797  6796  6795  6794  6793  6792  6791  6790  6789  6788  6787  6786  6785  6784  6783  6782  6781  6780  6779  6778  6777  6776  6775  6774  6773  6772  6771  6770  6769  6768  6767  6766  6765  6764  6763  6762  6761  6760  6759  6758  6757  6979  6522  7192  6754  6752  6028  6275  6027  5771  5770  5233  5232  4952  4663  4365  4062  4061  3427  3098  2063  2414  2064  2415  1701   570   179   180
  318   707  1088  1461  1826  2183  2532  2873  3206  3531  3848  4157  4458  4751  5036  5313  5582  5843  6096  6341  6578  6577  6576  6575  6574  6573  6572  6571  6570  6569  6568  6567  6566  6565  6564  6563  6562  6561  6560  6559  6558  6557  6556  6555  6554  6553  6552  6551  6550  6549  6548  6547  6546  6545  6544  6543  6542  6541  6540  6539  6538  6537  6536  6535  6534  6533  6532  6531  6530  6529  6528  6527  6526  6756  6285  6523  6521  6281  6282  6279  6278  6029  5772  5507  5234  4953  4664  4366  4367  4063  3428  3099  2762  2418  1703  1334   956   571   958   572
  317   706  1087  1460  1825  2182  2531  2872  3205  3530  3847  4156  4457  4750  5035  5312  5581  5842  6095  6340  6339  6338  6337  6336  6335  6334  6333  6332  6331  6330  6329  6328  6327  6326  6325  6324  6323  6322  6321  6320  6319  6318  6317  6316  6315  6314  6313  6312  6311  6310  6309  6308  6307  6306  6305  6304  6303  6302  6301  6300  6299  6298  6297  6296  6295  6294  6293  6292  6291  6290  6289  6287  6286  6524  6525  6755  6284  6520  6280  6519  6030  6031  5773  5508  5235  4954  4665  4368  3750  3749  3429  3101  3100  2763  2417  2065  1336  1704   957   573
  316   705  1086  1459  1824  2181  2530  2871  3204  3529  3846  4155  4456  4749  5034  5311  5580  5841  6094  6093  6092  6091  6090  6089  6088  6087  6086  6085  6084  6083  6082  6081  6080  6079  6078  6077  6076  6075  6074  6073  6072  6071  6070  6069  6068  6067  6066  6065  6064  6063  6062  6061  6060  6059  6058  6057  6056  6055  6054  6053  6052  6051  6050  6049  6048  6047  6046  6045  6044  6043  5787  6288  6040  6039  6038  6037  6283  6035  6034  6032  5778  5776  5774  5509  5236  4955  4666  4369  4064  3751  3430  3102  2420  2764  2066  1705  1338  1335   575   574
  315   704  1085  1458  1823  2180  2529  2870  3203  3528  3845  4154  4455  4748  5033  5310  5579  5840  5839  5838  5837  5836  5835  5834  5833  5832  5831  5830  5829  5828  5827  5826  5825  5824  5823  5822  5821  5820  5819  5818  5817  5816  5815  5814  5813  5812  5811  5810  5809  5808  5807  5806  5805  5804  5803  5802  5801  5800  5799  5798  5797  5796  5794  5793  5530  5792  5791  5790  5789  5788  6041  6042  5786  5784  5782  5519  6036  5781  5516  6033  5777  5775  5510  5240  5237  4956  4667  4370  4065  3752  3431  2765  2766  2067  2068  1706   959  1337   960   181
  314   703  1084  1457  1822  2179  2528  2869  3202  3527  3844  4153  4454  4747  5032  5309  5578  5577  5576  5575  5574  5573  5572  5571  5570  5569  5568  5567  5566  5565  5564  5563  5562  5561  5560  5559  5558  5557  5556  5555  5554  5553  5552  5551  5550  5549  5548  5547  5546  5545  5544  5543  5542  5541  5540  5539  5538  5537  5536  5535  5534  5533  5795  5532  5529  4980  5528  5527  5526  5525  5524  5523  5785  5250  5520  5783  5517  5779  5780  5514  5244  5513  5511  5239  5512  4957  4668  4371  4066  3753  3432  3103  2421  2419  1707   962  1708  1339   183   576
  313   702  1083  1456  1821  2178  2527  2868  3201  3526  3843  4152  4453  4746  5031  5308  5307  5306  5305  5304  5303  5302  5301  5300  5299  5298  5297  5296  5295  5294  5293  5292  5291  5290  5289  5288  5287  5286  5285  5284  5283  5282  5281  5280  5279  5278  5277  5276  5275  5274  5273  5272  5271  5270  5269  5268  5267  5266  5265  5264  5263  5262  5261  5531  5260  5259  4977  5257  5255  4974  5254  5253  5521  5251  5249  5248  5518  5247  5246  5515  4964  5243  5242  4961  5238  4959  4958  4669  4372  4067  3433  3104  2767  2424  1340  2422  1341   961   182   184
  312   701  1082  1455  1820  2177  2526  2867  3200  3525  3842  4151  4452  4745  5030  5029  5028  5027  5026  5025  5024  5023  5022  5021  5020  5019  5018  5017  5016  5015  5014  5013  5012  5011  5010  5009  5008  5007  5006  5005  5004  5003  5002  5001  5000  4999  4998  4997  4996  4995  4994  4993  4992  4991  4990  4989  4988  4987  4986  4985  4984  4983  4694  4982  5258  4978  5256  4976  4688  4973  4686  4972  4971  5522  4684  4969  4966  4967  5245  4965  4963  4676  5241  4674  4960  4673  4373  4068  3756  3754  3755  3105  2768  2070  2069   963   964   186   577   185
  311   700  1081  1454  1819  2176  2525  2866  3199  3524  3841  4150  4451  4744  4743  4742  4741  4740  4739  4738  4737  4736  4735  4734  4733  4732  4731  4730  4729  4728  4727  4726  4725  4724  4723  4722  4721  4720  4719  4718  4717  4716  4715  4714  4713  4712  4711  4710  4709  4708  4707  4706  4705  4704  4703  4702  4701  4700  4699  4698  4697  4696  4695  4399  4981  4693  4394  4395  4689  4975  5252  4687  4685  4683  4970  4682  4968  4680  4679  4383  4678  4677  4381  4675  4377  4671  4670  4374  3435  3434  3106  2769  2071  2423  1709  1710   579   580   578   187
  310   699  1080  1453  1818  2175  2524  2865  3198  3523  3840  4149  4450  4449  4448  4447  4446  4445  4444  4443  4442  4441  4440  4439  4438  4437  4436  4435  4434  4433  4432  4431  4430  4429  4428  4427  4426  4425  4424  4423  4422  4421  4420  4419  4418  4417  4416  4415  4414  4413  4412  4411  4410  4409  4408  4407  4406  4405  4404  4403  4402  4401  4400  4096  4979  4692  4690  4691  4090  4393  4392  4391  4390  4389  4388  4387  4681  4385  4081  4384  4382  4380  4077  4962  4672  4376  4071  4073  4069  4072  3436  3107  2770  2425  2072  1711  1342   967   188   966
  309   698  1079  1452  1817  2174  2523  2864  3197  3522  3839  4148  4147  4146  4145  4144  4143  4142  4141  4140  4139  4138  4137  4136  4135  4134  4133  4132  4131  4130  4129  4128  4127  4126  4125  4124  4123  4122  4121  4120  4119  4118  4117  4116  4115  4114  4113  4112  4111  4110  4109  4108  4107  4106  4105  4104  4103  4102  4101  4100  4099  4098  4097  3785  4396  4398  3783  4093  4092  4091  4089  4088  4087  4086  4085  4083  4386  4082  3770  4080  3768  4079  4379  4075  4378  4074  4375  4070  3758  3757  3437  3108  2771  2426  2073  1712  1343   582   968   965
  308   697  1078  1451  1816  2173  2522  2863  3196  3521  3838  3837  3836  3835  3834  3833  3832  3831  3830  3829  3828  3827  3826  3825  3824  3823  3822  3821  3820  3819  3818  3817  3816  3815  3814  3813  3812  3811  3810  3809  3808  3807  3806  3805  3804  3803  3802  3801  3800  3799  3798  3797  3796  3795  3794  3793  3792  3791  3790  3789  3788  3787  3786  4095  3464  4397  3784  3782  3780  3779  3778  3777  3776  3775  3774  4084  3772  3452  3771  3769  3449  4078  3767  4076  3765  3764  3762  3761  3441  3759  3438  3109  2772  2427  2074  1713  1344   583   189   581
  307   696  1077  1450  1815  2172  2521  2862  3195  3520  3519  3518  3517  3516  3515  3514  3513  3512  3511  3510  3509  3508  3507  3506  3505  3504  3503  3502  3501  3500  3499  3498  3497  3496  3495  3494  3493  3492  3491  3490  3489  3488  3487  3486  3485  3484  3483  3482  3481  3480  3479  3478  3477  3476  3475  3474  3473  3472  3471  3470  3469  3468  3467  3466  3138  4094  3137  3781  3461  3460  3459  3458  3457  3456  3455  3773  3126  3453  3451  3450  3122  3448  3766  3446  3445  3763  3443  3760  3442  3113  3440  3110  2773  2428  2075  1714  1345  1715   585   190
  306   695  1076  1449  1814  2171  2520  2861  3194  3193  3192  3191  3190  3189  3188  3187  3186  3185  3184  3183  3182  3181  3180  3179  3178  3177  3176  3175  3174  3173  3172  3171  3170  3169  3168  3167  3166  3165  3164  3163  3162  3161  3160  3159  3158  3157  3156  3155  3154  3153  3152  3151  3150  3149  3148  3147  3146  3145  3144  3143  3142  3141  3140  3139  3463  3462  2803  3135  3134  3133  3132  3131  3130  3129  3128  3127  3454  3125  3124  3123  2786  2785  3447  3121  3120  3118  2780  2087  2781  3114  3112  1723  2429  2775  1716   969   970  1346   584   191
  305   694  1075  1448  1813  2170  2519  2860  2859  2858  2857  2856  2855  2854  2853  2852  2851  2850  2849  2848  2847  2846  2845  2844  2843  2842  2841  2840  2839  2838  2837  2836  2835  2834  2833  2832  2831  2830  2829  2828  2827  2826  2825  2824  2823  2822  2821  2820  2819  2818  2817  2816  2815  2814  2813  2812  2811  2810  2809  2808  2807  2806  2805  2804  3465  2802  3136  2800  2799  2798  2797  2796  2795  2794  2793  2792  2448  2791  2447  2788  2787  2443  3119  3117  2783  3444  3116  3115  2436  2779  3439  2432  2776  2080   971  2076  1348  2430   586   192
  304   693  1074  1447  1812  2169  2518  2517  2516  2515  2514  2513  2512  2511  2510  2509  2508  2507  2506  2505  2504  2503  2502  2501  2500  2499  2498  2497  2496  2495  2494  2493  2492  2491  2490  2489  2488  2487  2486  2485  2484  2483  2482  2481  2480  2479  2478  2477  2476  2475  2474  2473  2472  2471  2470  2469  2468  2467  2466  2465  2464  2463  2462  2461  2460  2459  2801  2457  2105  2456  2453  2103  2452  2451  2450  2449  2097  2789  2790  2446  2093  2445  2441  2784  1730  2437  2782  1728  2439  2778  3111  2777  2774  1717  2078  1347  1718  2077   972   193
  303   692  1073  1446  1811  2168  2167  2166  2165  2164  2163  2162  2161  2160  2159  2158  2157  2156  2155  2154  2153  2152  2151  2150  2149  2148  2147  2146  2145  2144  2143  2142  2141  2140  2139  2138  2137  2136  2135  2134  2133  2132  2131  2130  2129  2128  2127  2126  2125  2124  2123  2122  2121  2120  2119  2118  2117  2116  2115  2114  2113  2112  2111  2110  2109  2107  2458  2106  2455  1744  2104  1001  1374  2101  2099  2098  1738  2095  1370  1368  1735  2444  2092  2440  1729  1363  2089  2438  2086  2435  2434  2084  2083  2081  2082  1719  2079  1349   194   195
  302   691  1072  1445  1810  1809  1808  1807  1806  1805  1804  1803  1802  1801  1800  1799  1798  1797  1796  1795  1794  1793  1792  1791  1790  1789  1788  1787  1786  1785  1784  1783  1782  1781  1780  1779  1778  1777  1776  1775  1774  1773  1772  1771  1770  1769  1768  1767  1766  1765  1764  1763  1762  1761  1760  1759  1758  1757  1756  1755  1754  1753  1752  1751  1750  2108  1748  1004  1747  1746  1745  2102  1742  1376  1741  1371  1736  2096  1737  1734  1367  2442   989  1364  1731  2088  1361  1360  2085  1726  1725  1722  2433  1721  1720  1350   973   588   589   587
  301   690  1071  1444  1443  1442  1441  1440  1439  1438  1437  1436  1435  1434  1433  1432  1431  1430  1429  1428  1427  1426  1425  1424  1423  1422  1421  1420  1419  1418  1417  1416  1415  1414  1413  1412  1411  1410  1409  1408  1407  1406  1405  1404  1403  1402  1401  1400  1399  1398  1397  1396  1395  1394  1393  1392  1391  1390  1389  1388  1387  1386  1385  1384  1383  1749  1381   622  1005  1378  1002  2454  1377  2100  1740  1373   995   996  1369  1733  2094  2091   607  2090   986  1362   604  1727  1359  1358  1357  2431  1724  1355  1352  1351   976   974   196   197
  300   689  1070  1069  1068  1067  1066  1065  1064  1063  1062  1061  1060  1059  1058  1057  1056  1055  1054  1053  1052  1051  1050  1049  1048  1047  1046  1045  1044  1043  1042  1041  1040  1039  1038  1037  1036  1035  1034  1033  1032  1031  1030  1029  1028  1027  1026  1025  1024  1023  1022  1021  1020  1019  1018  1017  1016  1015  1014  1013  1012  1011  1010  1009  1008  1382   624  1006  1380  1379  1003  1743   616  1000   998  1739   222   612   994   993  1366  1732   992   608   988   985   601   602   984   983   982  1356   980  1354   979  1353   977   975   199   590
  299   688   687   686   685   684   683   682   681   680   679   678   677   676   675   674   673   672   671   670   669   668   667   666   665   664   663   662   661   660   659   658   657   656   655   654   653   652   651   650   649   648   647   646   645   644   643   642   641   640   639   638   637   636   635   634   633   632   631   630   629   628   627   626   625   623  1007   621   228   619   617   618   226   999   615   613  1372   614   611   610   609   991   606   987   213   990   212   211   600   599   598   981   597   596   978   203   594   202   591   198
  298   297   296   295   294   293   292   291   290   289   288   287   286   285   284   283   282   281   280   279   278   277   276   275   274   273   272   271   270   269   268   267   266   265   264   263   262   261   260   259   258   257   256   255   254   253   252   251   250   249   248   247   246   245   244   243   242   241   240   239   238   237   236   235   234   233   232   231   230   620   229  1375   227   225   224   997   223   221   220   219   218   217   215  1365   216   214   603   605   210   209   208   207   206   205   595   204   592   593   201   200
